%YAML:1.0
---
camera_matrix: !!opencv-matrix
   rows: 3
   cols: 3
   dt: d
   data: [ 876.583881173174, 0., 988.522492187567,
           0., 875.6916714678481, 527.5046106664969,
           0., 0., 1. ]
distortion_coefficients: !!opencv-matrix
   rows: 1
   cols: 5
   dt: d
   data: [ -0.021273804109097606, 0.059267118496430404, 
           -0.0004367354909768303, 0.001022048382315801, 
           -0.0637066262949153 ]
